0 4055830 97 341710
0 1605590 0 732603
0 732603 118 45817
97 341710 0 95099
0 390893 -76 1386
0 193951 0 2773
0 95099 72 1387
118 45817 0 5575
0 49282 57 2802
0 23641 0 11226
0 11226 84 2813
0 5575 0 5651
0 2773 70 1405
-76 1386 0 2838
72 1387 -70 1433
57 2802 0 23641
0 5651 56 2941
84 2813 0 6056
0 2838 55 3115
70 1405 0 12415
-70 1433 51 6359
0 12415 0 49282
0 6056 69 12756
56 2941 0 25641
55 3115 63 3178
51 6359 0 6423
0 25641 78 3245
69 12756 0 12885
0 12885 74 6462
0 6423 0 193951
63 3178 -61 98852
78 3245 0 390893
74 6462 114 196942
-61 98852 0 1605590
114 196942 101 394775
0 872987 0 872987
101 394775 103 25976
0 478212 0 52083
0 224658 46 26107
0 107022 0 107022
0 52083 -77 6634
103 25976 0 13313
46 26107 -83 6679
0 54939 0 26904
0 26904 83 13591
0 13313 0 54939
-77 6634 122 13918
-83 6679 0 28035
83 13591 54 3345
0 28035 0 6699
122 13918 -75 1674
0 14117 0 3354
0 6699 90 796
54 3345 0 1680
0 3354 33 884
-75 1674 0 14117
0 1680 81 1757
90 796 0 3677
33 884 82 1920
0 7418 0 7418
0 3677 53 3741
81 1757 0 224658
82 1920 98 28110
53 3741 0 56706
0 117636 -93 28596
0 56706 0 117636
98 28110 49 14153
-93 28596 0 29931
0 60930 65 7663
0 29931 0 15778
49 14153 68 8115
0 15778 0 60930
65 7663 102 30999
68 8115 0 478212
102 30999 116 124512
0 253554 0 253554
116 124512 109 129042
109 129042 0 4055830
0 2450240 110 129695
0 1098954 0 259872
0 530652 10 32369
0 259872 0 64738
110 129695 13 32369
0 130177 0 130177
0 64738 112 65439
10 32369 0 530652
13 32369 115 270780
112 65439 0 1098954
115 270780 117 135838
0 568302 0 275981
0 275981 -87 16357
117 135838 0 32935
0 140143 -108 105
0 67294 0 224
0 32935 39 22
-87 16357 0 54
0 16578 -125 32
0 8162 0 119
0 4021 119 3
0 1960 0 6
0 964 -30 1
0 458 0 3
0 224 -126 2
-108 105 0 13
0 119 -82 3
0 54 0 7
39 22 94 2
-125 32 0 4
0 65 95 1
0 32 0 2
0 13 -80 1
0 6 0 32
119 3 -121 8
0 3 0 19
-30 1 9 5
-126 2 0 11
0 7 -107 6
-82 3 0 65
0 4 -128 33
94 2 0 458
0 2 41 234
95 1 0 964
-80 1 40 236
0 19 0 506
-121 8 -115 124
0 11 0 270
9 5 -127 68
-107 6 0 146
-128 33 -102 37
41 234 0 78
0 506 88 41
40 236 0 1960
0 270 86 996
-115 124 0 4021
0 146 66 2061
-127 68 0 8162
0 78 120 4141
-102 37 0 16578
88 41 106 8416
86 996 0 67294
66 2061 58 8456
120 4141 0 17029
106 8416 79 4191
0 34359 0 8573
0 17029 73 4382
58 8456 0 34359
0 8573 59 17330
79 4191 0 140143
73 4382 -95 17670
59 17330 0 36276
0 72849 77 4434
0 36276 0 9013
-95 17670 52 4579
0 18606 0 18606
0 9013 80 4756
77 4434 0 9593
52 4579 71 1143
0 9593 0 2310
80 4756 -68 568
0 4837 0 1167
0 2310 85 599
71 1143 0 4837
0 1167 -86 2527
-68 568 0 72849
85 599 113 36573
-86 2527 0 568302
113 36573 100 145594
0 292321 0 292321
100 145594 44 72864
0 146727 0 146727
44 72864 99 73863
99 73863 0 2450240
0 1351286 105 158309
0 649856 0 320913
0 320913 108 75417
105 158309 0 162604
0 162604 50 9955
108 75417 0 20614
0 87187 45 10659
0 42425 0 42425
0 20614 -94 604
50 9955 0 1239
45 10659 -119 281
0 21811 0 635
0 10708 -109 170
0 5278 0 354
0 2619 35 90
0 1239 0 184
-94 604 -118 94
0 635 0 2619
-119 281 76 1380
0 354 0 5278
-109 170 -96 2659
0 184 0 10708
35 90 48 2709
-118 94 0 5430
76 1380 67 2721
-96 2659 0 21811
0 5430 -89 11103
48 2709 0 87187
67 2721 104 44762
-89 11103 0 649856
104 44762 111 328943
111 328943 0 1351286
32 701430 32 701430
